colors.canceled = [208 0 0]./255;
colors.noncanc = [245, 138, 7]./255;
colors.nostop = [64, 151, 39]./255;

colors.euler = [63 46 86]./255;
colors.xena = [117 154 171]./255;

colors.misc.red2 = [191 6 3]./255;
colors.misc.orange2 = [240, 162, 2]./255;
colors.misc.green2 = [40, 124, 3]./255;